1:[[(18,(539, 134),[1, None, 1])],200,310,0.8779115429051536]:[[],180,650,0.3545062053132515]:
2:[[(5,(132, 118),[1, None, 2]),(18,(539, 134),[1, None, 1])],200,6,0.8771808244346044]:[[(6,(1584, 767),[1, None, 1])],145,346,0.237809056578485]:
3:[[(5,(132, 118),[1, None, 2]),(18,(539, 134),[1, None, 1])],200,143,0.8807970779778824]:[[(6,(1584, 767),[1, None, 1])],110,448,0.24373154137505132]:
4:[[(5,(132, 118),[1, None, 2]),(18,(539, 134),[1, None, 1])],182,131,0.3724812948739877]:[[(3,(847, 938),[0, 0, 0]),(6,(1584, 767),[1, None, 1])],104,6,0.553877458360808]:
5:[[(5,(132, 118),[1, None, 2]),(6,(198, 354),[1, 1, None]),(18,(539, 134),[1, None, 1])],182,53,0.8788090246828988]:[[(1,(1452, 649),[0, 0, 0]),(3,(847, 938),[0, 0, 0]),(6,(1584, 767),[1, None, 1])],84,5,0.3514002897515899]:
6:[[(5,(132, 118),[1, None, 2]),(6,(198, 354),[1, 1, None]),(18,(539, 134),[1, None, 1])],182,132,0.8800812708299417]:[[(1,(1452, 649),[0, 0, 0]),(3,(847, 938),[0, 0, 0]),(6,(1584, 767),[1, None, 1])],67,149,0.3864582158783273]:
7:[[(5,(132, 118),[1, None, 2]),(6,(198, 354),[1, 1, None]),(18,(539, 134),[1, None, 1])],179,210,0.6484245332463738]:[[(1,(1452, 649),[0, 0, 0]),(3,(847, 938),[0, 0, 0]),(4,(132, 944),[0, 0, 0]),(6,(1584, 767),[1, None, 1])],48,55,0.3602162977662148]:
8:[[(5,(132, 118),[1, None, 2]),(6,(198, 354),[1, 1, None]),(18,(539, 134),[1, None, 1]),(22,(1309, 1005),[2, 0, 0])],176,49,0.6437599801742726]:[[(1,(1452, 649),[0, 0, 0]),(3,(847, 938),[0, 0, 0]),(4,(132, 944),[0, 0, 0]),(6,(1584, 767),[1, None, 1])],0,218,0.004151603424854933]:
9:[[(5,(132, 118),[1, None, 2]),(6,(198, 354),[1, 1, None]),(18,(539, 134),[1, None, 1]),(22,(1309, 1005),[2, 0, 0])],169,246,0.541951853979807]:
10:[[(5,(132, 118),[1, None, 2]),(6,(198, 354),[1, 1, None]),(18,(539, 134),[1, None, 1]),(22,(1309, 1005),[2, 0, 0])],161,228,0.5170001795088062]:
11:[[(5,(132, 118),[1, None, 2]),(6,(198, 354),[1, 1, None]),(18,(539, 134),[1, None, 1]),(18,(1386, 670),[2, None, 1]),(22,(1309, 1005),[2, 0, 0])],161,109,0.8771808244346044]:
12:[[(5,(132, 118),[1, None, 2]),(6,(198, 354),[1, 1, None]),(18,(539, 134),[1, None, 1]),(18,(1386, 670),[2, None, 1]),(22,(1309, 1005),[2, 0, 0])],161,88,0.8790218708015265]:
13:[[(5,(132, 118),[1, None, 2]),(6,(198, 354),[1, 1, None]),(18,(539, 134),[1, None, 1]),(18,(1386, 670),[2, None, 1]),(22,(1309, 1005),[2, 0, 0])],161,280,0.8807970779778824]:
14:[[(2,(1001, 268),[1, 0, 0]),(5,(132, 118),[1, None, 2]),(6,(198, 354),[1, 1, None]),(18,(539, 134),[1, None, 1]),(18,(1386, 670),[2, None, 1]),(22,(1309, 1005),[2, 0, 0])],161,287,0.8784677994316027]:
15:[[(2,(1001, 268),[1, 0, 0]),(5,(132, 118),[1, None, 2]),(6,(198, 354),[1, 1, None]),(18,(539, 134),[1, None, 1]),(18,(1386, 670),[2, None, 1]),(22,(1309, 1005),[2, 0, 0])],161,546,0.8807970779778824]:
16:[[(2,(1001, 268),[1, 0, 0]),(5,(132, 118),[1, None, 2]),(6,(198, 354),[1, 1, None]),(13,(462, 402),[0, 0, 0]),(18,(539, 134),[1, None, 1]),(18,(1386, 670),[2, None, 1]),(22,(1309, 1005),[2, 0, 0])],161,7,0.8738679606646045]:
17:[[(2,(1001, 268),[1, 0, 0]),(5,(132, 118),[1, None, 2]),(6,(198, 354),[1, 1, None]),(13,(462, 402),[0, 0, 0]),(18,(539, 134),[1, None, 1]),(18,(1386, 670),[2, None, 1]),(22,(1309, 1005),[2, 0, 0])],161,170,0.8791919155185102]:
18:[[(2,(1001, 268),[1, 0, 0]),(5,(132, 118),[1, None, 2]),(6,(198, 354),[1, 1, None]),(13,(462, 402),[0, 0, 0]),(18,(539, 134),[1, None, 1]),(18,(1386, 670),[2, None, 1]),(22,(1309, 1005),[2, 0, 0])],161,165,0.879361754025984]:
19:[[(2,(1001, 268),[1, 0, 0]),(5,(132, 118),[1, None, 2]),(6,(198, 354),[1, 1, None]),(13,(462, 402),[0, 0, 0]),(18,(539, 134),[1, None, 1]),(18,(1386, 670),[2, None, 1]),(22,(1309, 1005),[2, 0, 0])],161,98,0.8771808244346044]:
20:[[(2,(1001, 268),[1, 0, 0]),(4,(264, 236),[0, 0, 0]),(5,(132, 118),[1, None, 2]),(6,(198, 354),[1, 1, None]),(13,(462, 402),[0, 0, 0]),(18,(539, 134),[1, None, 1]),(18,(1386, 670),[2, None, 1]),(22,(1309, 1005),[2, 0, 0])],161,118,0.8787664167382299]:
21:[[(2,(1001, 268),[1, 0, 0]),(4,(264, 236),[0, 0, 0]),(5,(132, 118),[1, None, 2]),(6,(198, 354),[1, 1, None]),(13,(462, 402),[0, 0, 0]),(18,(539, 134),[1, None, 1]),(18,(1386, 670),[2, None, 1]),(22,(1309, 1005),[2, 0, 0])],161,304,0.8807970779778824]:
22:[[(2,(1001, 268),[1, 0, 0]),(4,(264, 236),[0, 0, 0]),(5,(132, 118),[1, None, 2]),(6,(198, 354),[1, 1, None]),(13,(462, 402),[0, 0, 0]),(18,(539, 134),[1, None, 1]),(18,(1386, 670),[2, None, 1]),(22,(1309, 1005),[2, 0, 0])],161,655,0.8807970779778824]:
23:[[(2,(1001, 268),[1, 0, 0]),(4,(264, 236),[0, 0, 0]),(5,(132, 118),[1, None, 2]),(6,(198, 354),[1, 1, None]),(13,(462, 402),[0, 0, 0]),(18,(539, 134),[1, None, 1]),(18,(1386, 670),[2, None, 1]),(22,(1309, 1005),[2, 0, 0])],161,953,0.8807970779778824]:
24:[[(2,(1001, 268),[1, 0, 0]),(4,(264, 236),[0, 0, 0]),(5,(132, 118),[1, None, 2]),(6,(198, 354),[1, 1, None]),(13,(462, 402),[0, 0, 0]),(18,(539, 134),[1, None, 1]),(18,(1386, 670),[2, None, 1]),(22,(1309, 1005),[2, 0, 0])],158,1230,0.6499731613429898]:
25:[[(2,(1001, 268),[1, 0, 0]),(4,(264, 236),[0, 0, 0]),(5,(132, 118),[1, None, 2]),(6,(198, 354),[1, 1, None]),(13,(462, 402),[0, 0, 0]),(18,(539, 134),[1, None, 1]),(18,(1386, 670),[2, None, 1]),(22,(1309, 1005),[2, 0, 0])],158,1394,0.8807970779778824]:
26:[[(2,(1001, 268),[1, 0, 0]),(4,(264, 236),[0, 0, 0]),(5,(132, 118),[1, None, 2]),(6,(198, 354),[1, 1, None]),(13,(462, 402),[0, 0, 0]),(18,(539, 134),[1, None, 1]),(18,(1386, 670),[2, None, 1]),(22,(1309, 1005),[2, 0, 0])],158,1729,0.8807970779778824]:
27:[[(2,(1001, 268),[1, 0, 0]),(4,(264, 236),[0, 0, 0]),(5,(132, 118),[1, None, 2]),(6,(198, 354),[1, 1, None]),(7,(1518, 885),[0, 0, 0]),(13,(462, 402),[0, 0, 0]),(18,(539, 134),[1, None, 1]),(18,(1386, 670),[2, None, 1]),(22,(1309, 1005),[2, 0, 0])],158,1762,0.878254113506761]:
28:[[(2,(1001, 268),[1, 0, 0]),(4,(264, 236),[0, 0, 0]),(5,(132, 118),[1, None, 2]),(6,(198, 354),[1, 1, None]),(7,(1518, 885),[0, 0, 0]),(13,(462, 402),[0, 0, 0]),(18,(539, 134),[1, None, 1]),(18,(1386, 670),[2, None, 1]),(22,(1309, 1005),[2, 0, 0])],158,2424,0.8807970779778824]:
29:[[(2,(1001, 268),[1, 0, 0]),(4,(264, 236),[0, 0, 0]),(5,(132, 118),[1, None, 2]),(6,(198, 354),[1, 1, None]),(7,(1518, 885),[0, 0, 0]),(13,(462, 402),[0, 0, 0]),(18,(539, 134),[1, None, 1]),(18,(1386, 670),[2, None, 1]),(22,(1309, 1005),[2, 0, 0])],158,2690,0.8807970779778824]:
30:[[(1,(66, 708),[0, 0, 1]),(2,(1001, 268),[1, 0, 0]),(4,(264, 236),[0, 0, 0]),(5,(132, 118),[1, None, 2]),(6,(198, 354),[1, 1, None]),(7,(1518, 885),[0, 0, 0]),(13,(462, 402),[0, 0, 0]),(18,(539, 134),[1, None, 1]),(18,(1386, 670),[2, None, 1]),(22,(1309, 1005),[2, 0, 0])],158,2909,0.879361754025984]:
31:[[(1,(66, 708),[0, 0, 1]),(2,(1001, 268),[1, 0, 0]),(4,(264, 236),[0, 0, 0]),(4,(1386, 413),[1, 0, 0]),(5,(132, 118),[1, None, 2]),(6,(198, 354),[1, 1, None]),(7,(1518, 885),[0, 0, 0]),(13,(462, 402),[0, 0, 0]),(18,(539, 134),[1, None, 1]),(18,(1386, 670),[2, None, 1]),(22,(1309, 1005),[2, 0, 0])],158,2666,0.8758386548901789]:
32:[[(1,(66, 708),[0, 0, 1]),(2,(1001, 268),[1, 0, 0]),(4,(264, 236),[0, 0, 0]),(4,(1386, 413),[1, 0, 0]),(5,(132, 118),[1, None, 2]),(6,(198, 354),[1, 1, None]),(7,(1518, 885),[0, 0, 0]),(13,(462, 402),[0, 0, 0]),(18,(539, 134),[1, None, 1]),(18,(1386, 670),[2, None, 1]),(22,(1309, 1005),[2, 0, 0])],158,3034,0.879361754025984]:
33:[[(1,(66, 708),[0, 0, 1]),(2,(1001, 268),[1, 0, 0]),(4,(264, 236),[0, 0, 0]),(4,(1386, 413),[1, 0, 0]),(5,(132, 118),[1, None, 2]),(6,(198, 354),[1, 1, None]),(7,(1518, 885),[0, 0, 0]),(7,(528, 944),[1, 0, 0]),(13,(462, 402),[0, 0, 0]),(18,(539, 134),[1, None, 1]),(18,(1386, 670),[2, None, 1]),(22,(1309, 1005),[2, 0, 0])],86,2511,0.11147915345773762]:
34:[[(1,(66, 708),[0, 0, 1]),(2,(1001, 268),[1, 0, 0]),(4,(264, 236),[0, 0, 0]),(4,(1386, 413),[1, 0, 0]),(5,(132, 118),[1, None, 2]),(6,(198, 354),[1, 1, None]),(7,(1518, 885),[0, 0, 0]),(7,(528, 944),[1, 0, 0]),(13,(462, 402),[0, 0, 0]),(16,(924, 472),[0, 0, 0]),(18,(539, 134),[1, None, 1]),(18,(1386, 670),[2, None, 1]),(22,(1309, 1005),[2, 0, 0])],86,2219,0.8771808244346044]:
35:[[(1,(66, 708),[0, 0, 1]),(2,(1001, 268),[1, 0, 0]),(4,(264, 236),[0, 0, 0]),(4,(1386, 413),[1, 0, 0]),(5,(132, 118),[1, None, 2]),(6,(198, 354),[1, 1, None]),(7,(1518, 885),[0, 0, 0]),(7,(528, 944),[1, 0, 0]),(13,(462, 402),[0, 0, 0]),(16,(924, 472),[0, 0, 0]),(18,(539, 134),[1, None, 1]),(18,(1386, 670),[2, None, 1]),(22,(1309, 1005),[2, 0, 0])],86,3056,0.8801656757429104]:
36:[[(1,(66, 708),[0, 0, 1]),(2,(1001, 268),[1, 0, 0]),(4,(264, 236),[0, 0, 0]),(4,(1386, 413),[1, 0, 0]),(5,(132, 118),[1, None, 2]),(6,(198, 354),[1, 1, None]),(7,(1518, 885),[0, 0, 0]),(7,(528, 944),[1, 0, 0]),(13,(462, 402),[0, 0, 0]),(16,(924, 472),[0, 0, 0]),(18,(539, 134),[1, None, 1]),(18,(1386, 670),[2, None, 1]),(22,(1309, 1005),[2, 0, 0])],29,3911,0.15330997016568026]:
37:[[(1,(66, 708),[0, 0, 1]),(2,(1001, 268),[1, 0, 0]),(4,(264, 236),[0, 0, 0]),(4,(1386, 413),[1, 0, 0]),(5,(132, 118),[1, None, 2]),(6,(198, 354),[1, 1, None]),(7,(1518, 885),[0, 0, 0]),(7,(528, 944),[1, 0, 0]),(13,(462, 402),[0, 0, 0]),(16,(924, 472),[0, 0, 0]),(16,(1386, 885),[0, 0, 0]),(18,(539, 134),[1, None, 1]),(18,(1386, 670),[2, None, 1]),(22,(1309, 1005),[2, 0, 0])],0,4212,0.006786507364735406]:
38:
39:
40:
